Iteração;Posição X1;Posição X2;Aptidão(fp)
1;1.8899606750081936;-2.5131788468410825;0.0097516842588471
2;1.8899606750081936;-2.5131788468410825;0.0097516842588471
3;1.8899606750081936;-2.5131788468410825;0.0097516842588471
4;-2.7394704106304779;5.6960886931856969;0.0389720866405376
5;-2.7394704106304779;5.6960886931856969;0.0389720866405376
6;-2.7394704106304779;5.6960886931856969;0.0389720866405376
7;-3.5193611633613813;5.1528890141065427;0.0384995674407109
8;-3.5193611633613813;5.1528890141065427;0.0384995674407109
9;-2.5698717544820147;-5.7279874468603227;0.0372248542955565
10;-2.5698717544820147;-5.7279874468603227;0.0372248542955565
11;1.2837693104978669;-2.8323000104790736;0.0105314099614920
12;1.2837693104978669;-2.8323000104790736;0.0105314099614920
13;1.2837693104978669;-2.8323000104790736;0.0105314099614920
14;1.2837693104978669;-2.8323000104790736;0.0105314099614920
15;1.2837693104978669;-2.8323000104790736;0.0105314099614920
16;1.2837693104978669;-2.8323000104790736;0.0105314099614920
17;1.2837693104978669;-2.8323000104790736;0.0105314099614920
18;1.2837693104978669;-2.8323000104790736;0.0105314099614920
19;1.2837693104978669;-2.8323000104790736;0.0105314099614920
20;1.2837693104978669;-2.8323000104790736;0.0105314099614920
21;1.2837693104978669;-2.8323000104790736;0.0105314099614920
22;1.2837693104978669;-2.8323000104790736;0.0105314099614920
23;1.2837693104978669;-2.8323000104790736;0.0105314099614920
24;1.2837693104978669;-2.8323000104790736;0.0105314099614920
25;1.2837693104978669;-2.8323000104790736;0.0105314099614920
26;1.2837693104978669;-2.8323000104790736;0.0105314099614920
27;1.2837693104978669;-2.8323000104790736;0.0105314099614920
28;-3.0655560705590403;0.6852547861328393;0.0097232060428976
29;-3.0655560705590403;0.6852547861328393;0.0097232060428976
30;-3.0655560705590403;0.6852547861328393;0.0097232060428976
31;-3.0655560705590403;0.6852547861328393;0.0097232060428976
32;-3.0655560705590403;0.6852547861328393;0.0097232060428976
33;-3.0655560705590403;0.6852547861328393;0.0097232060428976
34;-3.0655560705590403;0.6852547861328393;0.0097232060428976
35;-3.0655560705590403;0.6852547861328393;0.0097232060428976
36;-3.0655560705590403;0.6852547861328393;0.0097232060428976
37;-3.0655560705590403;0.6852547861328393;0.0097232060428976
38;-3.0655560705590403;0.6852547861328393;0.0097232060428976
39;-3.0655560705590403;0.6852547861328393;0.0097232060428976
40;-3.0655560705590403;0.6852547861328393;0.0097232060428976
41;-3.0655560705590403;0.6852547861328393;0.0097232060428976
42;-3.0655560705590403;0.6852547861328393;0.0097232060428976
43;-3.0655560705590403;0.6852547861328393;0.0097232060428976
44;-3.0655560705590403;0.6852547861328393;0.0097232060428976
45;-3.0655560705590403;0.6852547861328393;0.0097232060428976
46;-3.0655560705590403;0.6852547861328393;0.0097232060428976
47;-3.0655560705590403;0.6852547861328393;0.0097232060428976
48;-3.0655560705590403;0.6852547861328393;0.0097232060428976
49;-3.0655560705590403;0.6852547861328393;0.0097232060428976
50;-3.0655560705590403;0.6852547861328393;0.0097232060428976
51;-3.0655560705590403;0.6852547861328393;0.0097232060428976
52;-3.0655560705590403;0.6852547861328393;0.0097232060428976
53;-3.0655560705590403;0.6852547861328393;0.0097232060428976
54;-3.0655560705590403;0.6852547861328393;0.0097232060428976
55;-3.0655560705590403;0.6852547861328393;0.0097232060428976
56;-3.0655560705590403;0.6852547861328393;0.0097232060428976
57;-3.0655560705590403;0.6852547861328393;0.0097232060428976
58;-3.0655560705590403;0.6852547861328393;0.0097232060428976
59;-3.0655560705590403;0.6852547861328393;0.0097232060428976
60;-3.0655560705590403;0.6852547861328393;0.0097232060428976
61;-3.0655560705590403;0.6852547861328393;0.0097232060428976
62;-3.0655560705590403;0.6852547861328393;0.0097232060428976
63;-3.0655560705590403;0.6852547861328393;0.0097232060428976
64;-3.0655560705590403;0.6852547861328393;0.0097232060428976
65;-3.0655560705590403;0.6852547861328393;0.0097232060428976
66;-3.0655560705590403;0.6852547861328393;0.0097232060428976
67;-3.0655560705590403;0.6852547861328393;0.0097232060428976
68;-3.0655560705590403;0.6852547861328393;0.0097232060428976
69;-3.0655560705590403;0.6852547861328393;0.0097232060428976
70;-3.0655560705590403;0.6852547861328393;0.0097232060428976
71;-3.0655560705590403;0.6852547861328393;0.0097232060428976
72;-3.0655560705590403;0.6852547861328393;0.0097232060428976
73;-3.0655560705590403;0.6852547861328393;0.0097232060428976
74;-3.0655560705590403;0.6852547861328393;0.0097232060428976
75;-3.0655560705590403;0.6852547861328393;0.0097232060428976
76;-3.0655560705590403;0.6852547861328393;0.0097232060428976
77;-3.0655560705590403;0.6852547861328393;0.0097232060428976
78;-3.0655560705590403;0.6852547861328393;0.0097232060428976
79;-3.0655560705590403;0.6852547861328393;0.0097232060428976
80;-3.0655560705590403;0.6852547861328393;0.0097232060428976
81;-3.0655560705590403;0.6852547861328393;0.0097232060428976
82;-3.0655560705590403;0.6852547861328393;0.0097232060428976
83;-3.0655560705590403;0.6852547861328393;0.0097232060428976
84;-3.0655560705590403;0.6852547861328393;0.0097232060428976
85;-3.0655560705590403;0.6852547861328393;0.0097232060428976
86;-3.0655560705590403;0.6852547861328393;0.0097232060428976
87;-3.0655560705590403;0.6852547861328393;0.0097232060428976
88;-3.0655560705590403;0.6852547861328393;0.0097232060428976
89;-3.0655560705590403;0.6852547861328393;0.0097232060428976
90;-3.0655560705590403;0.6852547861328393;0.0097232060428976
91;-3.0655560705590403;0.6852547861328393;0.0097232060428976
92;-3.0655560705590403;0.6852547861328393;0.0097232060428976
93;-3.0655560705590403;0.6852547861328393;0.0097232060428976
94;-3.0655560705590403;0.6852547861328393;0.0097232060428976
95;-3.0655560705590403;0.6852547861328393;0.0097232060428976
96;-3.0655560705590403;0.6852547861328393;0.0097232060428976
97;-3.0655560705590403;0.6852547861328393;0.0097232060428976
98;-3.0655560705590403;0.6852547861328393;0.0097232060428976
99;-3.0655560705590403;0.6852547861328393;0.0097232060428976
100;-3.0655560705590403;0.6852547861328393;0.0097232060428976

Melhor gBest:
Iteração: 28; Posição X1: -3.0655560705590403; Posição X2: 0.6852547861328393; Aptidão(fp): 0.0097232060428976

Média(fp): 0.0118644816664758
Desvio Padrão(fp): 0.0072718160775957
