Iteração;Posição X1;Posição X2;Aptidão(fp)
1;2.5791772205614740;1.6150225848005491;0.0186263767398512
2;2.5791772205614740;1.6150225848005491;0.0186263767398512
3;2.5791772205614740;1.6150225848005491;0.0186263767398512
4;2.5791772205614740;1.6150225848005491;0.0186263767398512
5;2.5791772205614740;1.6150225848005491;0.0186263767398512
6;0.0121491408640537;3.1567304058575569;0.0100434236210191
7;0.0121491408640537;3.1567304058575569;0.0100434236210191
8;1.3556000275127691;2.9310754692380261;0.0177958689513890
9;1.3556000275127691;2.9310754692380261;0.0177958689513890
10;1.3556000275127691;2.9310754692380261;0.0177958689513890
11;1.3556000275127691;2.9310754692380261;0.0177958689513890
12;1.3556000275127691;2.9310754692380261;0.0177958689513890
13;1.3556000275127691;2.9310754692380261;0.0177958689513890
14;1.3556000275127691;2.9310754692380261;0.0177958689513890
15;1.3556000275127691;2.9310754692380261;0.0177958689513890
16;1.3556000275127691;2.9310754692380261;0.0177958689513890
17;1.3556000275127691;2.9310754692380261;0.0177958689513890
18;1.3556000275127691;2.9310754692380261;0.0177958689513890
19;1.3556000275127691;2.9310754692380261;0.0177958689513890
20;1.3556000275127691;2.9310754692380261;0.0177958689513890
21;3.0409655576137675;-0.8200992380591625;0.0098373499529967
22;3.0409655576137675;-0.8200992380591625;0.0098373499529967
23;0.4417591469780211;3.0870610194002452;0.0101076063189204
24;0.4417591469780211;3.0870610194002452;0.0101076063189204
25;0.4417591469780211;3.0870610194002452;0.0101076063189204
26;0.4417591469780211;3.0870610194002452;0.0101076063189204
27;0.4417591469780211;3.0870610194002452;0.0101076063189204
28;0.4417591469780211;3.0870610194002452;0.0101076063189204
29;0.0121491408640537;3.1567304058575569;0.0100434236210191
30;3.1453746544011336;0.2126945388175034;0.0099102706542001
31;3.1453746544011336;0.2126945388175034;0.0099102706542001
32;3.1453746544011336;0.2126945388175034;0.0099102706542001
33;3.1453746544011336;0.2126945388175034;0.0099102706542001
34;3.1453746544011336;0.2126945388175034;0.0099102706542001
35;3.1453746544011336;0.2126945388175034;0.0099102706542001
36;3.1453746544011336;0.2126945388175034;0.0099102706542001
37;3.1453746544011336;0.2126945388175034;0.0099102706542001
38;3.1453746544011336;0.2126945388175034;0.0099102706542001
39;3.0409655576137675;-0.8200992380591625;0.0098373499529967
40;3.0409655576137675;-0.8200992380591625;0.0098373499529967
41;3.0409655576137675;-0.8200992380591625;0.0098373499529967
42;3.0409655576137675;-0.8200992380591625;0.0098373499529967
43;3.0409655576137675;-0.8200992380591625;0.0098373499529967
44;3.0409655576137675;-0.8200992380591625;0.0098373499529967
45;3.0409655576137675;-0.8200992380591625;0.0098373499529967
46;3.0409655576137675;-0.8200992380591625;0.0098373499529967
47;3.0409655576137675;-0.8200992380591625;0.0098373499529967
48;3.0409655576137675;-0.8200992380591625;0.0098373499529967
49;3.0409655576137675;-0.8200992380591625;0.0098373499529967
50;3.0409655576137675;-0.8200992380591625;0.0098373499529967
51;3.0409655576137675;-0.8200992380591625;0.0098373499529967
52;3.0409655576137675;-0.8200992380591625;0.0098373499529967
53;3.0409655576137675;-0.8200992380591625;0.0098373499529967
54;3.0409655576137675;-0.8200992380591625;0.0098373499529967
55;3.0409655576137675;-0.8200992380591625;0.0098373499529967
56;3.0409655576137675;-0.8200992380591625;0.0098373499529967
57;3.0409655576137675;-0.8200992380591625;0.0098373499529967
58;3.0409655576137675;-0.8200992380591625;0.0098373499529967
59;3.0409655576137675;-0.8200992380591625;0.0098373499529967
60;3.0409655576137675;-0.8200992380591625;0.0098373499529967
61;3.0409655576137675;-0.8200992380591625;0.0098373499529967
62;3.0409655576137675;-0.8200992380591625;0.0098373499529967
63;3.0409655576137675;-0.8200992380591625;0.0098373499529967
64;3.0409655576137675;-0.8200992380591625;0.0098373499529967
65;3.0409655576137675;-0.8200992380591625;0.0098373499529967
66;3.0409655576137675;-0.8200992380591625;0.0098373499529967
67;3.0409655576137675;-0.8200992380591625;0.0098373499529967
68;3.0409655576137675;-0.8200992380591625;0.0098373499529967
69;3.0409655576137675;-0.8200992380591625;0.0098373499529967
70;3.0409655576137675;-0.8200992380591625;0.0098373499529967
71;3.0409655576137675;-0.8200992380591625;0.0098373499529967
72;3.0409655576137675;-0.8200992380591625;0.0098373499529967
73;3.0409655576137675;-0.8200992380591625;0.0098373499529967
74;3.0409655576137675;-0.8200992380591625;0.0098373499529967
75;3.0409655576137675;-0.8200992380591625;0.0098373499529967
76;3.0409655576137675;-0.8200992380591625;0.0098373499529967
77;2.1852306771034993;2.2609285566894357;0.0097498463016837
78;2.1852306771034993;2.2609285566894357;0.0097498463016837
79;2.1852306771034993;2.2609285566894357;0.0097498463016837
80;2.1852306771034993;2.2609285566894357;0.0097498463016837
81;2.1852306771034993;2.2609285566894357;0.0097498463016837
82;2.1852306771034993;2.2609285566894357;0.0097498463016837
83;2.1852306771034993;2.2609285566894357;0.0097498463016837
84;2.1852306771034993;2.2609285566894357;0.0097498463016837
85;2.1852306771034993;2.2609285566894357;0.0097498463016837
86;2.1852306771034993;2.2609285566894357;0.0097498463016837
87;2.1852306771034993;2.2609285566894357;0.0097498463016837
88;2.1852306771034993;2.2609285566894357;0.0097498463016837
89;2.1852306771034993;2.2609285566894357;0.0097498463016837
90;2.1852306771034993;2.2609285566894357;0.0097498463016837
91;2.1852306771034993;2.2609285566894357;0.0097498463016837
92;2.1852306771034993;2.2609285566894357;0.0097498463016837
93;2.1852306771034993;2.2609285566894357;0.0097498463016837
94;2.1852306771034993;2.2609285566894357;0.0097498463016837
95;2.1852306771034993;2.2609285566894357;0.0097498463016837
96;2.1852306771034993;2.2609285566894357;0.0097498463016837
97;2.1852306771034993;2.2609285566894357;0.0097498463016837
98;2.1852306771034993;2.2609285566894357;0.0097498463016837
99;2.1852306771034993;2.2609285566894357;0.0097498463016837
100;2.1852306771034993;2.2609285566894357;0.0097498463016837
101;2.1852306771034993;2.2609285566894357;0.0097498463016837
102;2.1852306771034993;2.2609285566894357;0.0097498463016837
103;2.1852306771034993;2.2609285566894357;0.0097498463016837
104;2.1852306771034993;2.2609285566894357;0.0097498463016837
105;2.1852306771034993;2.2609285566894357;0.0097498463016837
106;2.1852306771034993;2.2609285566894357;0.0097498463016837
107;2.1852306771034993;2.2609285566894357;0.0097498463016837
108;2.1852306771034993;2.2609285566894357;0.0097498463016837
109;2.1852306771034993;2.2609285566894357;0.0097498463016837
110;2.1852306771034993;2.2609285566894357;0.0097498463016837
111;2.1852306771034993;2.2609285566894357;0.0097498463016837
112;2.1852306771034993;2.2609285566894357;0.0097498463016837
113;2.1852306771034993;2.2609285566894357;0.0097498463016837
114;2.1852306771034993;2.2609285566894357;0.0097498463016837
115;2.1852306771034993;2.2609285566894357;0.0097498463016837
116;2.1852306771034993;2.2609285566894357;0.0097498463016837
117;2.1852306771034993;2.2609285566894357;0.0097498463016837
118;2.1852306771034993;2.2609285566894357;0.0097498463016837
119;2.1852306771034993;2.2609285566894357;0.0097498463016837
120;2.1852306771034993;2.2609285566894357;0.0097498463016837
121;2.1852306771034993;2.2609285566894357;0.0097498463016837
122;2.1852306771034993;2.2609285566894357;0.0097498463016837
123;2.1852306771034993;2.2609285566894357;0.0097498463016837
124;2.1852306771034993;2.2609285566894357;0.0097498463016837
125;2.1852306771034993;2.2609285566894357;0.0097498463016837
126;2.1852306771034993;2.2609285566894357;0.0097498463016837
127;2.1852306771034993;2.2609285566894357;0.0097498463016837
128;2.1852306771034993;2.2609285566894357;0.0097498463016837
129;2.1852306771034993;2.2609285566894357;0.0097498463016837
130;2.1852306771034993;2.2609285566894357;0.0097498463016837
131;2.1852306771034993;2.2609285566894357;0.0097498463016837
132;2.1852306771034993;2.2609285566894357;0.0097498463016837
133;2.1852306771034993;2.2609285566894357;0.0097498463016837
134;0.8278696523884224;-3.0305732289058698;0.0097255244248619
135;0.8278696523884224;-3.0305732289058698;0.0097255244248619
136;0.8278696523884224;-3.0305732289058698;0.0097255244248619
137;0.8278696523884224;-3.0305732289058698;0.0097255244248619
138;0.8278696523884224;-3.0305732289058698;0.0097255244248619
139;0.8278696523884224;-3.0305732289058698;0.0097255244248619
140;0.8278696523884224;-3.0305732289058698;0.0097255244248619
141;0.8278696523884224;-3.0305732289058698;0.0097255244248619
142;0.8278696523884224;-3.0305732289058698;0.0097255244248619
143;0.8278696523884224;-3.0305732289058698;0.0097255244248619
144;0.8278696523884224;-3.0305732289058698;0.0097255244248619
145;0.8278696523884224;-3.0305732289058698;0.0097255244248619
146;0.8278696523884224;-3.0305732289058698;0.0097255244248619
147;0.8278696523884224;-3.0305732289058698;0.0097255244248619
148;0.8278696523884224;-3.0305732289058698;0.0097255244248619
149;0.8278696523884224;-3.0305732289058698;0.0097255244248619
150;0.8278696523884224;-3.0305732289058698;0.0097255244248619
