Iteração;Posição X1;Posição X2;Aptidão(fp)
1;-1.1782382369572204;2.8176184535249522;0.0167019241204948
2;-3.0595994946200253;-0.5891084453017319;0.0102211130839676
3;-3.0595994946200253;-0.5891084453017319;0.0102211130839676
4;-3.0595994946200253;-0.5891084453017319;0.0102211130839676
5;5.3748660816228586;-3.1279943131321701;0.0403770390314905
6;5.3748660816228586;-3.1279943131321701;0.0403770390314905
7;5.3748660816228586;-3.1279943131321701;0.0403770390314905
8;6.3568263211962854;6.9415435357214639;0.0782005998971004
9;6.3568263211962854;6.9415435357214639;0.0782005998971004
10;6.3568263211962854;6.9415435357214639;0.0782005998971004
11;-2.8985467325293666;-1.0317039131186907;0.0134619061524191
12;-2.8985467325293666;-1.0317039131186907;0.0134619061524191
13;-2.8985467325293666;-1.0317039131186907;0.0134619061524191
14;-2.8985467325293666;-1.0317039131186907;0.0134619061524191
15;-2.8985467325293666;-1.0317039131186907;0.0134619061524191
16;-2.8985467325293666;-1.0317039131186907;0.0134619061524191
17;-2.8985467325293666;-1.0317039131186907;0.0134619061524191
18;-2.8985467325293666;-1.0317039131186907;0.0134619061524191
19;-2.8985467325293666;-1.0317039131186907;0.0134619061524191
20;-2.8985467325293666;-1.0317039131186907;0.0134619061524191
21;-2.8985467325293666;-1.0317039131186907;0.0134619061524191
22;-2.8985467325293666;-1.0317039131186907;0.0134619061524191
23;-2.8985467325293666;-1.0317039131186907;0.0134619061524191
24;-2.8985467325293666;-1.0317039131186907;0.0134619061524191
25;-2.8985467325293666;-1.0317039131186907;0.0134619061524191
26;-2.8985467325293666;-1.0317039131186907;0.0134619061524191
27;-2.8985467325293666;-1.0317039131186907;0.0134619061524191
28;-2.8985467325293666;-1.0317039131186907;0.0134619061524191
29;-3.1549530568502568;0.4264584441727592;0.0117156266044344
30;0.6512685872823241;3.0896220411008013;0.0100713634313882
31;0.6512685872823241;3.0896220411008013;0.0100713634313882
32;0.6512685872823241;3.0896220411008013;0.0100713634313882
33;0.6512685872823241;3.0896220411008013;0.0100713634313882
34;0.6512685872823241;3.0896220411008013;0.0100713634313882
35;0.6512685872823241;3.0896220411008013;0.0100713634313882
36;0.6512685872823241;3.0896220411008013;0.0100713634313882
37;0.6512685872823241;3.0896220411008013;0.0100713634313882
38;0.6512685872823241;3.0896220411008013;0.0100713634313882
39;0.6512685872823241;3.0896220411008013;0.0100713634313882
40;0.6512685872823241;3.0896220411008013;0.0100713634313882
41;0.6512685872823241;3.0896220411008013;0.0100713634313882
42;0.6512685872823241;3.0896220411008013;0.0100713634313882
43;0.6512685872823241;3.0896220411008013;0.0100713634313882
44;0.6512685872823241;3.0896220411008013;0.0100713634313882
45;0.6512685872823241;3.0896220411008013;0.0100713634313882
46;0.6512685872823241;3.0896220411008013;0.0100713634313882
47;0.6512685872823241;3.0896220411008013;0.0100713634313882
48;0.6512685872823241;3.0896220411008013;0.0100713634313882
49;0.6512685872823241;3.0896220411008013;0.0100713634313882
50;0.6512685872823241;3.0896220411008013;0.0100713634313882
51;0.6512685872823241;3.0896220411008013;0.0100713634313882
52;0.6512685872823241;3.0896220411008013;0.0100713634313882
53;0.6512685872823241;3.0896220411008013;0.0100713634313882
54;0.6512685872823241;3.0896220411008013;0.0100713634313882
55;0.6512685872823241;3.0896220411008013;0.0100713634313882
56;0.6512685872823241;3.0896220411008013;0.0100713634313882
57;0.6512685872823241;3.0896220411008013;0.0100713634313882
58;0.6512685872823241;3.0896220411008013;0.0100713634313882
59;0.6512685872823241;3.0896220411008013;0.0100713634313882
60;0.6512685872823241;3.0896220411008013;0.0100713634313882
61;0.6512685872823241;3.0896220411008013;0.0100713634313882
62;0.6512685872823241;3.0896220411008013;0.0100713634313882
63;0.6512685872823241;3.0896220411008013;0.0100713634313882
64;0.6512685872823241;3.0896220411008013;0.0100713634313882
65;0.6512685872823241;3.0896220411008013;0.0100713634313882
66;0.6512685872823241;3.0896220411008013;0.0100713634313882
67;0.6512685872823241;3.0896220411008013;0.0100713634313882
68;0.6512685872823241;3.0896220411008013;0.0100713634313882
69;-0.1070964134736219;3.1323839632193402;0.0097338118847845
70;-0.1070964134736219;3.1323839632193402;0.0097338118847845
71;-0.1070964134736219;3.1323839632193402;0.0097338118847845
72;-0.1070964134736219;3.1323839632193402;0.0097338118847845
73;-0.1070964134736219;3.1323839632193402;0.0097338118847845
74;-0.1070964134736219;3.1323839632193402;0.0097338118847845
75;-0.1070964134736219;3.1323839632193402;0.0097338118847845
76;-0.1070964134736219;3.1323839632193402;0.0097338118847845
77;-0.1070964134736219;3.1323839632193402;0.0097338118847845
78;-0.1070964134736219;3.1323839632193402;0.0097338118847845
79;-0.1070964134736219;3.1323839632193402;0.0097338118847845
80;-0.1070964134736219;3.1323839632193402;0.0097338118847845
81;-0.1070964134736219;3.1323839632193402;0.0097338118847845
82;-0.1070964134736219;3.1323839632193402;0.0097338118847845
83;-0.1070964134736219;3.1323839632193402;0.0097338118847845
84;-0.1070964134736219;3.1323839632193402;0.0097338118847845
85;-0.1070964134736219;3.1323839632193402;0.0097338118847845
86;-0.1070964134736219;3.1323839632193402;0.0097338118847845
87;-0.1070964134736219;3.1323839632193402;0.0097338118847845
88;-0.1070964134736219;3.1323839632193402;0.0097338118847845
89;-0.1070964134736219;3.1323839632193402;0.0097338118847845
90;-0.1070964134736219;3.1323839632193402;0.0097338118847845
91;-0.1070964134736219;3.1323839632193402;0.0097338118847845
92;-0.1070964134736219;3.1323839632193402;0.0097338118847845
93;-0.1070964134736219;3.1323839632193402;0.0097338118847845
94;-0.1070964134736219;3.1323839632193402;0.0097338118847845
95;-0.1070964134736219;3.1323839632193402;0.0097338118847845
96;-0.1070964134736219;3.1323839632193402;0.0097338118847845
97;-0.1070964134736219;3.1323839632193402;0.0097338118847845
98;-0.1070964134736219;3.1323839632193402;0.0097338118847845
99;-0.1070964134736219;3.1323839632193402;0.0097338118847845
100;-0.1070964134736219;3.1323839632193402;0.0097338118847845
101;-0.1070964134736219;3.1323839632193402;0.0097338118847845
102;-0.1070964134736219;3.1323839632193402;0.0097338118847845
103;-0.1070964134736219;3.1323839632193402;0.0097338118847845
104;-0.1070964134736219;3.1323839632193402;0.0097338118847845
105;-0.1070964134736219;3.1323839632193402;0.0097338118847845
106;-0.1070964134736219;3.1323839632193402;0.0097338118847845
107;-0.1070964134736219;3.1323839632193402;0.0097338118847845
108;-0.1070964134736219;3.1323839632193402;0.0097338118847845
109;-0.1070964134736219;3.1323839632193402;0.0097338118847845
110;-0.1070964134736219;3.1323839632193402;0.0097338118847845
111;-0.1070964134736219;3.1323839632193402;0.0097338118847845
112;-0.1070964134736219;3.1323839632193402;0.0097338118847845
113;-0.1070964134736219;3.1323839632193402;0.0097338118847845
114;-0.1070964134736219;3.1323839632193402;0.0097338118847845
115;-0.1070964134736219;3.1323839632193402;0.0097338118847845
116;-0.1070964134736219;3.1323839632193402;0.0097338118847845
117;-0.1070964134736219;3.1323839632193402;0.0097338118847845
118;-0.1070964134736219;3.1323839632193402;0.0097338118847845
119;-0.1070964134736219;3.1323839632193402;0.0097338118847845
120;-0.1070964134736219;3.1323839632193402;0.0097338118847845
121;-0.1070964134736219;3.1323839632193402;0.0097338118847845
122;-0.1070964134736219;3.1323839632193402;0.0097338118847845
123;-0.1070964134736219;3.1323839632193402;0.0097338118847845
124;-0.1070964134736219;3.1323839632193402;0.0097338118847845
125;-0.1070964134736219;3.1323839632193402;0.0097338118847845
126;-0.1070964134736219;3.1323839632193402;0.0097338118847845
127;-0.1070964134736219;3.1323839632193402;0.0097338118847845
128;-0.1070964134736219;3.1323839632193402;0.0097338118847845
129;-0.1070964134736219;3.1323839632193402;0.0097338118847845
130;-0.1070964134736219;3.1323839632193402;0.0097338118847845
131;-0.1070964134736219;3.1323839632193402;0.0097338118847845
132;-0.1070964134736219;3.1323839632193402;0.0097338118847845
133;-0.1070964134736219;3.1323839632193402;0.0097338118847845
134;-0.1070964134736219;3.1323839632193402;0.0097338118847845
135;-0.1070964134736219;3.1323839632193402;0.0097338118847845
136;-0.1070964134736219;3.1323839632193402;0.0097338118847845
137;-0.1070964134736219;3.1323839632193402;0.0097338118847845
138;-0.1070964134736219;3.1323839632193402;0.0097338118847845
139;-0.1070964134736219;3.1323839632193402;0.0097338118847845
140;-0.1070964134736219;3.1323839632193402;0.0097338118847845
141;-0.1070964134736219;3.1323839632193402;0.0097338118847845
142;-0.1070964134736219;3.1323839632193402;0.0097338118847845
143;-0.1070964134736219;3.1323839632193402;0.0097338118847845
144;-0.1070964134736219;3.1323839632193402;0.0097338118847845
145;-0.1070964134736219;3.1323839632193402;0.0097338118847845
146;-0.1070964134736219;3.1323839632193402;0.0097338118847845
147;-0.1070964134736219;3.1323839632193402;0.0097338118847845
148;-0.1070964134736219;3.1323839632193402;0.0097338118847845
149;-0.1070964134736219;3.1323839632193402;0.0097338118847845
150;-0.1070964134736219;3.1323839632193402;0.0097338118847845
