Iteração;Posição X1;Posição X2;Aptidão(fp)
1;1.7031067399676747;2.6836787723521596;0.0112842836641602
2;-3.0126141507431061;0.9780291138790851;0.0105358137853157
3;3.0000645982508871;-0.9629257630063659;0.0098650338275559
4;3.0000645982508871;-0.9629257630063659;0.0098650338275559
5;3.0000645982508871;-0.9629257630063659;0.0098650338275559
6;1.7031067399676747;2.6836787723521596;0.0112842836641602
7;-0.8666376662109929;-2.8976884240744365;0.0224232691437993
8;2.4031230386013540;-2.1002800596363693;0.0124790894134036
9;0.6584031482459674;3.2058339653731638;0.0272834278784288
10;1.7031067399676747;2.6836787723521596;0.0112842836641602
11;0.6726759439336885;-6.2689862938199941;0.0379409719312970
12;0.6726759439336885;-6.2689862938199941;0.0379409719312970
13;0.6726759439336885;-6.2689862938199941;0.0379409719312970
14;0.6726759439336885;-6.2689862938199941;0.0379409719312970
15;0.6726759439336885;-6.2689862938199941;0.0379409719312970
16;2.4031230386013540;-2.1002800596363693;0.0124790894134036
17;-3.0334130363079428;-0.9502416458247662;0.0113071702666424
18;-3.0334130363079428;-0.9502416458247662;0.0113071702666424
19;-3.0334130363079428;-0.9502416458247662;0.0113071702666424
20;-3.0334130363079428;-0.9502416458247662;0.0113071702666424
21;-3.0334130363079428;-0.9502416458247662;0.0113071702666424
22;-3.0334130363079428;-0.9502416458247662;0.0113071702666424
23;-3.0334130363079428;-0.9502416458247662;0.0113071702666424
24;-3.0334130363079428;-0.9502416458247662;0.0113071702666424
25;-3.0334130363079428;-0.9502416458247662;0.0113071702666424
26;-3.0334130363079428;-0.9502416458247662;0.0113071702666424
27;-3.0334130363079428;-0.9502416458247662;0.0113071702666424
28;-3.0334130363079428;-0.9502416458247662;0.0113071702666424
29;-3.0334130363079428;-0.9502416458247662;0.0113071702666424
30;-3.0334130363079428;-0.9502416458247662;0.0113071702666424
31;-3.0334130363079428;-0.9502416458247662;0.0113071702666424
32;-3.0334130363079428;-0.9502416458247662;0.0113071702666424
33;-3.0334130363079428;-0.9502416458247662;0.0113071702666424
34;-3.0334130363079428;-0.9502416458247662;0.0113071702666424
35;-3.0334130363079428;-0.9502416458247662;0.0113071702666424
36;-3.0334130363079428;-0.9502416458247662;0.0113071702666424
37;-3.0334130363079428;-0.9502416458247662;0.0113071702666424
38;-3.0334130363079428;-0.9502416458247662;0.0113071702666424
39;-3.0334130363079428;-0.9502416458247662;0.0113071702666424
40;-3.0334130363079428;-0.9502416458247662;0.0113071702666424
41;-3.0334130363079428;-0.9502416458247662;0.0113071702666424
42;-2.3690173747479069;-2.0522146383226705;0.0097331109463995
43;-2.3690173747479069;-2.0522146383226705;0.0097331109463995
44;-2.3690173747479069;-2.0522146383226705;0.0097331109463995
45;-2.3690173747479069;-2.0522146383226705;0.0097331109463995
46;-2.3690173747479069;-2.0522146383226705;0.0097331109463995
47;-2.3690173747479069;-2.0522146383226705;0.0097331109463995
48;-2.3690173747479069;-2.0522146383226705;0.0097331109463995
49;-2.3690173747479069;-2.0522146383226705;0.0097331109463995
50;-2.3690173747479069;-2.0522146383226705;0.0097331109463995
51;-2.3690173747479069;-2.0522146383226705;0.0097331109463995
52;-2.3690173747479069;-2.0522146383226705;0.0097331109463995
53;-2.3690173747479069;-2.0522146383226705;0.0097331109463995
54;-2.3690173747479069;-2.0522146383226705;0.0097331109463995
55;-2.3690173747479069;-2.0522146383226705;0.0097331109463995
56;-2.3690173747479069;-2.0522146383226705;0.0097331109463995
57;-2.3690173747479069;-2.0522146383226705;0.0097331109463995
58;-2.3690173747479069;-2.0522146383226705;0.0097331109463995
59;-2.3690173747479069;-2.0522146383226705;0.0097331109463995
60;-2.3690173747479069;-2.0522146383226705;0.0097331109463995
61;-2.3690173747479069;-2.0522146383226705;0.0097331109463995
62;-2.3690173747479069;-2.0522146383226705;0.0097331109463995
63;-2.3690173747479069;-2.0522146383226705;0.0097331109463995
64;-2.3690173747479069;-2.0522146383226705;0.0097331109463995
65;-2.3690173747479069;-2.0522146383226705;0.0097331109463995
66;-2.3690173747479069;-2.0522146383226705;0.0097331109463995
67;-2.3690173747479069;-2.0522146383226705;0.0097331109463995
68;-2.3690173747479069;-2.0522146383226705;0.0097331109463995
69;-2.3690173747479069;-2.0522146383226705;0.0097331109463995
70;-2.3690173747479069;-2.0522146383226705;0.0097331109463995
71;-2.3690173747479069;-2.0522146383226705;0.0097331109463995
72;-2.3690173747479069;-2.0522146383226705;0.0097331109463995
73;-2.3690173747479069;-2.0522146383226705;0.0097331109463995
74;-2.3690173747479069;-2.0522146383226705;0.0097331109463995
75;-2.3690173747479069;-2.0522146383226705;0.0097331109463995
76;-2.3690173747479069;-2.0522146383226705;0.0097331109463995
77;-2.3690173747479069;-2.0522146383226705;0.0097331109463995
78;-2.3690173747479069;-2.0522146383226705;0.0097331109463995
79;-2.3690173747479069;-2.0522146383226705;0.0097331109463995
80;-2.3690173747479069;-2.0522146383226705;0.0097331109463995
81;-2.3690173747479069;-2.0522146383226705;0.0097331109463995
82;-2.3690173747479069;-2.0522146383226705;0.0097331109463995
83;-2.3690173747479069;-2.0522146383226705;0.0097331109463995
84;-2.3690173747479069;-2.0522146383226705;0.0097331109463995
85;-2.3690173747479069;-2.0522146383226705;0.0097331109463995
86;-2.3690173747479069;-2.0522146383226705;0.0097331109463995
87;-2.3690173747479069;-2.0522146383226705;0.0097331109463995
88;-2.3690173747479069;-2.0522146383226705;0.0097331109463995
89;-2.3690173747479069;-2.0522146383226705;0.0097331109463995
90;-2.3690173747479069;-2.0522146383226705;0.0097331109463995
91;-2.3690173747479069;-2.0522146383226705;0.0097331109463995
92;-2.3690173747479069;-2.0522146383226705;0.0097331109463995
93;-2.3690173747479069;-2.0522146383226705;0.0097331109463995
94;-2.3690173747479069;-2.0522146383226705;0.0097331109463995
95;-2.3690173747479069;-2.0522146383226705;0.0097331109463995
96;-2.3690173747479069;-2.0522146383226705;0.0097331109463995
97;-2.3690173747479069;-2.0522146383226705;0.0097331109463995
98;-2.3690173747479069;-2.0522146383226705;0.0097331109463995
99;-2.3690173747479069;-2.0522146383226705;0.0097331109463995
100;-2.3690173747479069;-2.0522146383226705;0.0097331109463995
101;-2.3690173747479069;-2.0522146383226705;0.0097331109463995
102;-2.3690173747479069;-2.0522146383226705;0.0097331109463995
103;-2.3690173747479069;-2.0522146383226705;0.0097331109463995
104;-2.3690173747479069;-2.0522146383226705;0.0097331109463995
105;-2.3690173747479069;-2.0522146383226705;0.0097331109463995
106;-2.3690173747479069;-2.0522146383226705;0.0097331109463995
107;-2.3690173747479069;-2.0522146383226705;0.0097331109463995
108;-2.3690173747479069;-2.0522146383226705;0.0097331109463995
109;-2.3690173747479069;-2.0522146383226705;0.0097331109463995
110;-2.3690173747479069;-2.0522146383226705;0.0097331109463995
111;-1.9439368101915822;-2.4612014627829115;0.0097205781038292
112;-1.9439368101915822;-2.4612014627829115;0.0097205781038292
113;-1.9439368101915822;-2.4612014627829115;0.0097205781038292
114;-1.9439368101915822;-2.4612014627829115;0.0097205781038292
115;-1.9439368101915822;-2.4612014627829115;0.0097205781038292
116;-1.9439368101915822;-2.4612014627829115;0.0097205781038292
117;-1.9439368101915822;-2.4612014627829115;0.0097205781038292
118;-1.9439368101915822;-2.4612014627829115;0.0097205781038292
119;-1.9439368101915822;-2.4612014627829115;0.0097205781038292
120;-1.9439368101915822;-2.4612014627829115;0.0097205781038292
121;-1.9439368101915822;-2.4612014627829115;0.0097205781038292
122;-1.9439368101915822;-2.4612014627829115;0.0097205781038292
123;-1.9439368101915822;-2.4612014627829115;0.0097205781038292
124;-1.9439368101915822;-2.4612014627829115;0.0097205781038292
125;-1.9439368101915822;-2.4612014627829115;0.0097205781038292
126;-1.9439368101915822;-2.4612014627829115;0.0097205781038292
127;-1.9439368101915822;-2.4612014627829115;0.0097205781038292
128;-1.9439368101915822;-2.4612014627829115;0.0097205781038292
129;-1.9439368101915822;-2.4612014627829115;0.0097205781038292
130;-1.9439368101915822;-2.4612014627829115;0.0097205781038292
131;-1.9439368101915822;-2.4612014627829115;0.0097205781038292
132;-1.9439368101915822;-2.4612014627829115;0.0097205781038292
133;-1.9439368101915822;-2.4612014627829115;0.0097205781038292
134;-1.9439368101915822;-2.4612014627829115;0.0097205781038292
135;-1.9439368101915822;-2.4612014627829115;0.0097205781038292
136;-1.9439368101915822;-2.4612014627829115;0.0097205781038292
137;-1.9439368101915822;-2.4612014627829115;0.0097205781038292
138;-1.9439368101915822;-2.4612014627829115;0.0097205781038292
139;-1.9439368101915822;-2.4612014627829115;0.0097205781038292
140;-1.9439368101915822;-2.4612014627829115;0.0097205781038292
141;-1.9439368101915822;-2.4612014627829115;0.0097205781038292
142;-1.9439368101915822;-2.4612014627829115;0.0097205781038292
143;-1.9439368101915822;-2.4612014627829115;0.0097205781038292
144;-1.9439368101915822;-2.4612014627829115;0.0097205781038292
145;-1.9439368101915822;-2.4612014627829115;0.0097205781038292
146;-1.9439368101915822;-2.4612014627829115;0.0097205781038292
147;-1.9439368101915822;-2.4612014627829115;0.0097205781038292
148;-1.9439368101915822;-2.4612014627829115;0.0097205781038292
149;-1.9439368101915822;-2.4612014627829115;0.0097205781038292
150;-1.9439368101915822;-2.4612014627829115;0.0097205781038292
