Iteração;Posição X1;Posição X2;Aptidão(fp)
1;-2.3384127569368758;-2.0989490337056020;0.0097298553398831
2;-2.3384127569368758;-2.0989490337056020;0.0097298553398831
3;-2.3384127569368758;-2.0989490337056020;0.0097298553398831
4;-2.3384127569368758;-2.0989490337056020;0.0097298553398831
5;1.5282596802685049;2.7029744963948712;0.0108097668420740
6;-2.7471433678675439;1.5070775322006682;0.0097414747329425
7;-2.7471433678675439;1.5070775322006682;0.0097414747329425
8;-2.7471433678675439;1.5070775322006682;0.0097414747329425
9;-2.7471433678675439;1.5070775322006682;0.0097414747329425
10;-2.2688621997584062;-2.1528438827467209;0.0098302008955393
11;-2.2688621997584062;-2.1528438827467209;0.0098302008955393
12;-1.9502155908881829;-2.4470496826870853;0.0098019935474783
13;-1.9502155908881829;-2.4470496826870853;0.0098019935474783
14;-1.9502155908881829;-2.4470496826870853;0.0098019935474783
15;-1.9502155908881829;-2.4470496826870853;0.0098019935474783
16;-1.9502155908881829;-2.4470496826870853;0.0098019935474783
17;-1.9502155908881829;-2.4470496826870853;0.0098019935474783
18;-1.9502155908881829;-2.4470496826870853;0.0098019935474783
19;-1.9502155908881829;-2.4470496826870853;0.0098019935474783
20;-1.9502155908881829;-2.4470496826870853;0.0098019935474783
21;-1.9502155908881829;-2.4470496826870853;0.0098019935474783
22;-3.0793996642727279;-0.6080663035920093;0.0097160486063926
23;-0.0155118121504128;-0.0078457243433738;0.0003024432609475
24;-0.0155118121504128;-0.0078457243433738;0.0003024432609475
25;-0.0155118121504128;-0.0078457243433738;0.0003024432609475
26;-0.0155118121504128;-0.0078457243433738;0.0003024432609475
27;-0.0155118121504128;-0.0078457243433738;0.0003024432609475
28;-0.0155118121504128;-0.0078457243433738;0.0003024432609475
29;-0.0155118121504128;-0.0078457243433738;0.0003024432609475
30;-0.0155118121504128;-0.0078457243433738;0.0003024432609475
31;-0.0155118121504128;-0.0078457243433738;0.0003024432609475
32;-0.0155118121504128;-0.0078457243433738;0.0003024432609475
33;-0.0155118121504128;-0.0078457243433738;0.0003024432609475
34;-0.0155118121504128;-0.0078457243433738;0.0003024432609475
35;-0.0155118121504128;-0.0078457243433738;0.0003024432609475
36;-0.0155118121504128;-0.0078457243433738;0.0003024432609475
37;-0.0155118121504128;-0.0078457243433738;0.0003024432609475
38;-0.0155118121504128;-0.0078457243433738;0.0003024432609475
39;-0.0155118121504128;-0.0078457243433738;0.0003024432609475
40;-0.0155118121504128;-0.0078457243433738;0.0003024432609475
41;-0.0155118121504128;-0.0078457243433738;0.0003024432609475
42;-0.0155118121504128;-0.0078457243433738;0.0003024432609475
43;-0.0110051007107330;-0.0129528703139110;0.0002891499951932
44;-0.0110051007107330;-0.0129528703139110;0.0002891499951932
45;-0.0110051007107330;-0.0129528703139110;0.0002891499951932
46;-0.0110051007107330;-0.0129528703139110;0.0002891499951932
47;-0.0110051007107330;-0.0129528703139110;0.0002891499951932
48;-0.0110051007107330;-0.0129528703139110;0.0002891499951932
49;-0.0110051007107330;-0.0129528703139110;0.0002891499951932
50;-0.0110051007107330;-0.0129528703139110;0.0002891499951932
51;-0.0110051007107330;-0.0129528703139110;0.0002891499951932
52;-0.0110051007107330;-0.0129528703139110;0.0002891499951932
53;-0.0110051007107330;-0.0129528703139110;0.0002891499951932
54;-0.0110051007107330;-0.0129528703139110;0.0002891499951932
55;-0.0110051007107330;-0.0129528703139110;0.0002891499951932
56;-0.0110051007107330;-0.0129528703139110;0.0002891499951932
57;-0.0110051007107330;-0.0129528703139110;0.0002891499951932
58;-0.0110051007107330;-0.0129528703139110;0.0002891499951932
59;-0.0110051007107330;-0.0129528703139110;0.0002891499951932
60;-0.0110051007107330;-0.0129528703139110;0.0002891499951932
61;-0.0110051007107330;-0.0129528703139110;0.0002891499951932
62;-0.0110051007107330;-0.0129528703139110;0.0002891499951932
63;-0.0110051007107330;-0.0129528703139110;0.0002891499951932
64;-0.0110051007107330;-0.0129528703139110;0.0002891499951932
65;-0.0110051007107330;-0.0129528703139110;0.0002891499951932
66;-0.0110051007107330;-0.0129528703139110;0.0002891499951932
67;-0.0110051007107330;-0.0129528703139110;0.0002891499951932
68;-0.0110051007107330;-0.0129528703139110;0.0002891499951932
69;-0.0110051007107330;-0.0129528703139110;0.0002891499951932
70;-0.0110051007107330;-0.0129528703139110;0.0002891499951932
71;-0.0110051007107330;-0.0129528703139110;0.0002891499951932
72;-0.0110051007107330;-0.0129528703139110;0.0002891499951932
73;-0.0110051007107330;-0.0129528703139110;0.0002891499951932
74;-0.0110051007107330;-0.0129528703139110;0.0002891499951932
75;-0.0110051007107330;-0.0129528703139110;0.0002891499951932
76;-0.0110051007107330;-0.0129528703139110;0.0002891499951932
77;-0.0110051007107330;-0.0129528703139110;0.0002891499951932
78;-0.0110051007107330;-0.0129528703139110;0.0002891499951932
79;-0.0110051007107330;-0.0129528703139110;0.0002891499951932
80;-0.0110051007107330;-0.0129528703139110;0.0002891499951932
81;-0.0110051007107330;-0.0129528703139110;0.0002891499951932
82;-0.0110051007107330;-0.0129528703139110;0.0002891499951932
83;-0.0110051007107330;-0.0129528703139110;0.0002891499951932
84;-0.0110051007107330;-0.0129528703139110;0.0002891499951932
85;-0.0110051007107330;-0.0129528703139110;0.0002891499951932
86;-0.0110051007107330;-0.0129528703139110;0.0002891499951932
87;-0.0110051007107330;-0.0129528703139110;0.0002891499951932
88;-0.0110051007107330;-0.0129528703139110;0.0002891499951932
89;-0.0110051007107330;-0.0129528703139110;0.0002891499951932
90;-0.0110051007107330;-0.0129528703139110;0.0002891499951932
91;-0.0110051007107330;-0.0129528703139110;0.0002891499951932
92;-0.0110051007107330;-0.0129528703139110;0.0002891499951932
93;-0.0110051007107330;-0.0129528703139110;0.0002891499951932
94;-0.0110051007107330;-0.0129528703139110;0.0002891499951932
95;-0.0110051007107330;-0.0129528703139110;0.0002891499951932
96;-0.0110051007107330;-0.0129528703139110;0.0002891499951932
97;-0.0110051007107330;-0.0129528703139110;0.0002891499951932
98;-0.0110051007107330;-0.0129528703139110;0.0002891499951932
99;-0.0110051007107330;-0.0129528703139110;0.0002891499951932
100;-0.0110051007107330;-0.0129528703139110;0.0002891499951932
101;-0.0035985034951533;-0.0145467792269489;0.0002247656621110
102;-0.0035985034951533;-0.0145467792269489;0.0002247656621110
103;-0.0035985034951533;-0.0145467792269489;0.0002247656621110
104;-0.0035985034951533;-0.0145467792269489;0.0002247656621110
105;-0.0035985034951533;-0.0145467792269489;0.0002247656621110
106;-0.0035985034951533;-0.0145467792269489;0.0002247656621110
107;-0.0035985034951533;-0.0145467792269489;0.0002247656621110
108;-0.0035985034951533;-0.0145467792269489;0.0002247656621110
109;-0.0035985034951533;-0.0145467792269489;0.0002247656621110
110;-0.0035985034951533;-0.0145467792269489;0.0002247656621110
111;-0.0035985034951533;-0.0145467792269489;0.0002247656621110
112;-0.0035985034951533;-0.0145467792269489;0.0002247656621110
113;-0.0035985034951533;-0.0145467792269489;0.0002247656621110
114;-0.0035985034951533;-0.0145467792269489;0.0002247656621110
115;-0.0035985034951533;-0.0145467792269489;0.0002247656621110
116;-0.0035985034951533;-0.0145467792269489;0.0002247656621110
117;-0.0035985034951533;-0.0145467792269489;0.0002247656621110
118;-0.0035985034951533;-0.0145467792269489;0.0002247656621110
119;-0.0035985034951533;-0.0145467792269489;0.0002247656621110
120;-0.0035985034951533;-0.0145467792269489;0.0002247656621110
121;-0.0035985034951533;-0.0145467792269489;0.0002247656621110
122;-0.0035985034951533;-0.0145467792269489;0.0002247656621110
123;-0.0035985034951533;-0.0145467792269489;0.0002247656621110
124;-0.0035985034951533;-0.0145467792269489;0.0002247656621110
125;-0.0035985034951533;-0.0145467792269489;0.0002247656621110
126;-0.0035985034951533;-0.0145467792269489;0.0002247656621110
127;-0.0035985034951533;-0.0145467792269489;0.0002247656621110
128;-0.0035985034951533;-0.0145467792269489;0.0002247656621110
129;-0.0035985034951533;-0.0145467792269489;0.0002247656621110
130;-0.0035985034951533;-0.0145467792269489;0.0002247656621110
131;-0.0035985034951533;-0.0145467792269489;0.0002247656621110
132;-0.0035985034951533;-0.0145467792269489;0.0002247656621110
133;-0.0035985034951533;-0.0145467792269489;0.0002247656621110
134;-0.0035985034951533;-0.0145467792269489;0.0002247656621110
135;-0.0035985034951533;-0.0145467792269489;0.0002247656621110
136;-0.0035985034951533;-0.0145467792269489;0.0002247656621110
137;-0.0035985034951533;-0.0145467792269489;0.0002247656621110
138;-0.0035985034951533;-0.0145467792269489;0.0002247656621110
139;-0.0035985034951533;-0.0145467792269489;0.0002247656621110
140;-0.0035985034951533;-0.0145467792269489;0.0002247656621110
141;-0.0035985034951533;-0.0145467792269489;0.0002247656621110
142;-0.0035985034951533;-0.0145467792269489;0.0002247656621110
143;-0.0035985034951533;-0.0145467792269489;0.0002247656621110
144;-0.0035985034951533;-0.0145467792269489;0.0002247656621110
145;-0.0035985034951533;-0.0145467792269489;0.0002247656621110
146;-0.0035985034951533;-0.0145467792269489;0.0002247656621110
147;-0.0035985034951533;-0.0145467792269489;0.0002247656621110
148;-0.0035985034951533;-0.0145467792269489;0.0002247656621110
149;-0.0035985034951533;-0.0145467792269489;0.0002247656621110
150;-0.0035985034951533;-0.0145467792269489;0.0002247656621110

Melhor gBest:
Iteração: 101; Posição X1: -0.0035985034951533; Posição X2: -0.0145467792269489; Aptidão(fp): 0.0002247656621110

Média(fp): 0.0016676621403422
Desvio Padrão(fp): 0.0033819273675749
