Iteração;Posição X1;Posição X2;Aptidão(fp)
1;4.7901832211172568;7.8414735761143604;0.1212977649673607
2;-6.1308238519130107;0.4687011193149111;0.0524540017492722
3;9.5262954116118639;-0.6909085243192035;0.0934815723991775
4;9.5262954116118639;-0.6909085243192035;0.0934815723991775
5;2.5204222631665303;1.9005881231822368;0.0100415476931478
6;2.5204222631665303;1.9005881231822368;0.0100415476931478
7;-2.1123495799157794;2.5046462678456631;0.0282653500615739
8;-2.1123495799157794;2.5046462678456631;0.0282653500615739
9;2.7274836347014673;-1.5861734950632025;0.0099891886511411
10;2.7274836347014673;-1.5861734950632025;0.0099891886511411
11;2.7274836347014673;-1.5861734950632025;0.0099891886511411
12;2.7274836347014673;-1.5861734950632025;0.0099891886511411
13;-0.8844362783586384;3.0248713486712138;0.0098826480268792
14;-0.8844362783586384;3.0248713486712138;0.0098826480268792
15;-0.8844362783586384;3.0248713486712138;0.0098826480268792
16;-0.8844362783586384;3.0248713486712138;0.0098826480268792
17;-0.8844362783586384;3.0248713486712138;0.0098826480268792
18;-0.8844362783586384;3.0248713486712138;0.0098826480268792
19;-0.8844362783586384;3.0248713486712138;0.0098826480268792
20;-0.8844362783586384;3.0248713486712138;0.0098826480268792

Melhor gBest:
Iteração: 13; Posição X1: -0.8844362783586384; Posição X2: 3.0248713486712138; Aptidão(fp): 0.0098826480268792

Média(fp): 0.0278173322922015
Desvio Padrão(fp): 0.0335008165043122
