Iteração;Posição X1;Posição X2;Aptidão(fp)
1;-0.8726251013136661;6.0000000000000000;0.0791603170754065
2;3.1081411067302178;0.9548127220455501;0.0221860985269794
3;-0.8726251013136661;6.0000000000000000;0.0791603170754065
4;-0.8726251013136661;6.0000000000000000;0.0791603170754065
5;-0.8726251013136661;6.0000000000000000;0.0791603170754065
6;-1.8128026993986941;2.4797725370365438;0.0140858204672064
7;-1.8128026993986941;2.4797725370365438;0.0140858204672064
8;3.0701321231018985;0.7119216468332468;0.0098845588491493
9;3.0701321231018985;0.7119216468332468;0.0098845588491493
10;-3.1042607380229708;0.6354904613476595;0.0106080118875744
11;-3.1042607380229708;0.6354904613476595;0.0106080118875744
12;-3.1042607380229708;0.6354904613476595;0.0106080118875744
13;3.0701321231018985;0.7119216468332468;0.0098845588491493
14;3.0701321231018985;0.7119216468332468;0.0098845588491493
15;3.0701321231018985;0.7119216468332468;0.0098845588491493
16;3.0701321231018985;0.7119216468332468;0.0098845588491493
17;3.0701321231018985;0.7119216468332468;0.0098845588491493
18;3.0272414001489487;0.8080168930940559;0.0097430945207286
19;3.0272414001489487;0.8080168930940559;0.0097430945207286
20;3.0272414001489487;0.8080168930940559;0.0097430945207286

Melhor gBest:
Iteração: 18; Posição X1: 3.0272414001489487; Posição X2: 0.8080168930940559; Aptidão(fp): 0.0097430945207286

Média(fp): 0.0248622119465986
Desvio Padrão(fp): 0.0272930212062697
