Iteração;Posição X1;Posição X2;Aptidão(fp)
1;-7.3925381201779317;10.3002697768686815;0.1381935488680998
2;-7.3925381201779317;10.3002697768686815;0.1381935488680998
3;-7.3925381201779317;10.3002697768686815;0.1381935488680998
4;-2.6665500966816875;-2.2418367980622218;0.1217921339093197
5;-2.6665500966816875;-2.2418367980622218;0.1217921339093197
6;-8.8634146311888617;2.7732745461722059;0.0922018002128647
7;1.0090095824489458;2.7810584303974606;0.0412360277986174
8;-5.8768647684885256;-2.2725830016486661;0.0377494517576729
9;3.2795075634147661;-0.3800215479290774;0.0355185999465713
10;-2.9428359706516964;0.8854745012756062;0.0139000700397706
11;-2.9428359706516964;0.8854745012756062;0.0139000700397706
12;-2.9428359706516964;0.8854745012756062;0.0139000700397706
13;-2.9428359706516964;0.8854745012756062;0.0139000700397706
14;-2.9428359706516964;0.8854745012756062;0.0139000700397706
15;-2.9428359706516964;0.8854745012756062;0.0139000700397706
16;-2.9428359706516964;0.8854745012756062;0.0139000700397706
17;-2.9428359706516964;0.8854745012756062;0.0139000700397706
18;-2.9428359706516964;0.8854745012756062;0.0139000700397706
19;-2.9428359706516964;0.8854745012756062;0.0139000700397706
20;-2.9428359706516964;0.8854745012756062;0.0139000700397706

Melhor gBest:
Iteração: 10; Posição X1: -2.9428359706516964; Posição X2: 0.8854745012756062; Aptidão(fp): 0.0139000700397706

Média(fp): 0.0508885782288071
Desvio Padrão(fp): 0.0500897075990414
